0.005868107608645724
-0.004763077578465604
0.005206310637864143
-0.0046565805394833135
-0.01558238119428723
0.015821731930391367
0.000653909023454163
-0.00035195021170126775
-0.004470816024896196
0.022119772018632747
0.0058235781414689115
0.0007877792266753732
-0.004420206421238528
0.001159926759560515
0.005115364192185081
-7.533065198387837e-05
0.005428322369934816
-0.002125032450194643
0.006376873161239071
-0.007744178665071993
-0.12284827038962268
-0.002876553259319769
-0.005121741130446577
-0.006562789676738074
0.02470026190157077
-0.0018146395878374843
0.0035259077554467204
0.018256199137194656
-0.0011470227821366533
-0.0018845741074445918
0.011983893603361677
-0.011513868183209286
-0.0033198888193327605
0.01279966179797156
0.016666660099961175
0.0015317541905252106
0.012475088350530308
-0.03042429574577406
-0.002903245519473159
-0.008588206629239988
0.007010207861247426
0.004039782638695918
-0.011568100808604933
-0.006271771730630245
0.00826441448648727
-0.005812524675147917
0.002640156240937489
0.0022890892345354573
0.001623604341626052
-0.003201893711362291
-0.002983735502413162
-0.025511245167471528
-0.8292848306090069
0.004080980685884034
-0.009839396836381081
-0.0023406797440783346
-0.002013108378650314
-0.001403200919205459
0.023008378250269888
-0.009526739060434103
0.007354235525413091
0.007783208999254405
-0.019847794686767728
0.0032686062116373035
0.023699879599277527
0.003996366878201164
-0.007947514485087001
-0.002140500443002625
0.007408985853915158
-0.004583771802631043
0.017632615295691663
0.006146764080584534
0.009531883891302944
-0.0013254143524860573
-0.007847871887231806
0.0026557006342036735
-0.0030718782312694104
0.001337055822334937
-0.012471123026738308
-0.06814281535689348
0.008106938641634883
-0.006777509265055433
0.002302428814572893
-0.014331254587525542
-0.001225658053948329
0.0021215077290463527
-0.0024778354670127907
-0.00022533745202467473
0.03176122176733193
-0.00926513729082408
-0.0006337035022210434
0.008311457168742948
-0.006580044780268801
-0.03255384792308686
0.010284438206629496
-0.003121594929569521
-0.002415640193841258
0.010543966463798885
0.0006983986903921028
0.0070141459848757125
0.0038956612739673834
0.02636615329691936
-0.007809521557129395
-0.0032096486578918333
0.019406975841855016
0.007845936875621403
-0.013611408468450376
-0.01448417860507145
-0.01919433096598632
0.0004987471924831541
0.006054514227085398
0.004436392918357434
0.005661972871837092
-0.0060703509221055356
-0.0031079303475820123
0.02893861033166108
-0.00266229787378728
-0.002627128362770243
-0.004042381554289299
-0.011366879701277362
-0.004351636509819252
0.0034453533721201255
-0.0001378880273281595
-0.09595131800790599
0.016777492064952566
-0.01038305089830478
0.0006580281481689964
-0.0057706288237729135
0.03916003676022035
-0.0022254822528933933
-0.006904347526085494
-0.0006734556407338603
0.009072926537559492
0.002430500183001128
-0.0048534282205693335
-0.013756963041777422
0.008529154374925891
0.0028448404690429446
-0.031385450612703446
-0.00043103728622372235
0.005286303717822456
0.0009167751006506408
-0.0005932691596149655
0.0015757416544503395
-0.0006803378820272787
-0.01216110086660532
-0.0004706450238698734
0.003694042864257202
0.007365465192791032
-0.005277872667235938
-0.05105123800742759
-0.005456015736094578
0.009964060984366061
0.0058526672160032255
-0.0027094221565329758
0.00026435068610410365
0.013497743386459642
-0.024698070088420936
-0.00282172503035016
-0.0026217299303797083
0.017892551755311493
-0.004499852099112431
0.004159813258879456
0.05875531703190487
-0.003894801168806875
0.007191464048784406
0.016855851835111135
-0.007641719250315391
0.0016638318829913117
-0.006564308585851379
0.011613481280887777
0.00524791358748172
-0.0034669115014690105
0.005549447696686102
-0.01667729196375193
0.020724157544944687
0.07993255749534342
-0.007482073692442172
0.0018655728934373144
0.0016597673586040617
-0.01557379744278414
0.0031879070274422557
0.016519889019334814
0.004345868875213249
-0.00021322717936297797
0.034396372978235855
0.01797206643239851
0.045577726166357
-0.02756532159192792
0.004940023340140122
0.00026965841795055485
0.007835984415906359
0.002277237863427264
-0.006046817380903984
0.003831171387028263
-0.006405932735596454
-0.0002412371474229499
0.004600636303817771
-0.025308233849403956
-0.0014635758814552716
0.01339671578029424
0.009678048868292898
0.0025201322207934434
0.013834073304440628
-0.02175106000636081
-0.005707214443286698
-0.006923038038227983
0.008463265779594751
-0.0005969495816974551
0.0028200610203661736
-0.0017624233745401727
0.004311699070193941
-0.0025176832060992706
0.005183924503547048
-0.005108872553235809
0.007948019088114633
0.0299138683832106
0.005450973805842863
0.0014785931715592501
0.0061906355438134004
-0.0006403697422184805
-4.481826890970885e-05
-0.008548281989691809
-0.0023808934853609175
-0.02029555807334825
0.014353671122026748
0.0008958214749288651
-0.00883443990663936
0.002082639795838731
0.0007146943881666826
0.04895649073894594
-0.0016172628035768222
0.033697069582418346
0.012554755828534709
0.003655750534503224
0.0049860486162918395
0.005780279981679865
-0.02186043876263154
-0.021215082790498073
-0.02915168841013071
0.0011529196175176753
0.00754687608125661
-0.004367274403646453
-0.0032687233123398665
0.0006726316357898067
-0.0015034362206173813
-0.001447834987009962
-0.011113755282531725
-0.00726754050524311
-0.0038707280243685904
0.0025719600317600897
-0.007907706746240755
0.027543176259056938
-0.006713343080058293
-0.007279391176347095
0.007245503273019819
0.016657393144358556
-0.005013422680536188
0.001222070332421958
-0.007294655767934416
0.00881855981135898
-0.0074585768514611826
-0.0006487681926091274
0.0005051760310561289
-0.26715241451447225
-0.004612277373664282
0.01192624915749516
0.00024326515959096045
0.028652598515590315
-0.009222104432626351
-0.01190769434616649
-0.0051654398926394155
0.008470773724642115
0.01445043900263394
0.005375011050066519
-0.0020192260153561164
0.013725719054314574
0.0015821551929311494
-0.0007728528371170241
0.008525376452258603
0.002366490198941131
-0.013771412828477143
0.004942129452777191
0.015574775648653852
-0.0006330142980857733
0.002777515465092753
0.020613877383264527
-0.005562650575903582
-0.007202457414744682
0.0026030338182029063
0.003412709776258768
0.005918852913117501
-0.002988582231493197
0.0054640620843723715
-0.016282018292109672
-0.0011968933813602616
0.0051700109200655325
-0.04305453002718011
-0.0035401614409687285
0.0025089528537172393
