-0.0420039033457249
0.07012713754646839
0.05149321561338286
0.0976383828996282
-0.0182699814126394
-0.049258178438661676
0.010041078066914505
-0.00978438661710037
0.05607342007434941
0.04454618959107797
0.026387081784386614
0.08266356877323419
-0.13850585501858742
0.03753624535315984
-0.030263475836431224
-0.042235780669145045
0.015455018587360595
-0.007067936802973983
0.014490520446096646
-0.03782825278810408
-0.2725577137546467
0.032846747211895885
0.037037546468401544
-0.002824721189591082
-0.07527295539033459
0.07095436802973983
-0.00876375464684015
0.18493605947955383
0.05272611524163574
0.07286719330855021
0.0382289962825279
-0.03281338289962824
-0.031117565055762096
0.06155204460966553
0.016818773234200765
8.50371747211904e-05
0.04419786245353159
-0.037419609665427504
-0.07564711895910779
-0.10333355018587359
0.04415325278810411
0.014706784386617124
-0.01717444237918214
-0.06757490706319709
-0.018355297397769522
0.0314342936802974
0.010873698884758368
-0.02867592936802972
-0.008506040892193312
0.03631793680297397
0.013046747211895915
-0.12321923791821543
-0.8065565055762091
0.03685009293680296
0.010300836431226779
0.013795260223048342
0.032290613382899666
0.062396840148698986
-0.034616728624535256
0.0008999999999999997
0.01959721189591079
-0.011730297397769488
-0.03383605947955385
-0.02565566914498143
-0.011648513011152415
-0.05426459107806693
0.0018019516728624554
0.006970167286245345
-0.09902379182156124
0.03736542750929366
-0.030367193308550172
-0.03532973977695167
0.050516542750929365
0.07198039033457244
-0.04294646840148701
0.02455408921933084
-0.008890706319702603
-0.03333513011152412
-0.050791821561338324
0.007158271375464687
0.005053252788104087
0.07514488847583643
0.013652044609665424
-0.18906198884758346
-0.007847211895910792
0.01165390334572492
0.10394990706319703
-0.011225464684014867
0.20582239776951658
-0.08104628252788101
-0.0016940520446096648
-0.032303996282527885
0.00874693308550186
-0.03657973977695166
-0.01883085501858736
-0.021840148698884766
-0.015530669144981418
-0.022198977695167318
-0.030052788104089238
0.05904888475836435
-0.0786855018587361
0.06400092936802972
0.0005887546468401473
-0.050565799256505534
0.04887518587360593
0.046675278810408956
-0.025891635687732336
0.014608085501858733
-0.033418029739776964
0.017205947955390318
0.027530204460966524
0.04951180297397767
0.07131254646840146
0.02290288104089217
-0.08263299256505577
0.07271988847583631
0.019070539033457252
-0.009725092936802964
-0.08129423791821548
-0.24155752788104082
-0.08811524163568767
-0.07782323420074355
0.054123141263940515
-0.21132723048327126
0.08336449814126397
0.10425250929368017
-0.04304172862453539
-0.08413698884758365
-0.019478624535315982
-0.017380297397769525
-0.002132620817843868
-0.005362825278810408
-0.03736840148698882
-0.0169497211895911
0.04897007434944235
0.003099442379182149
0.0223467472118959
0.08259888475836424
-0.07704767657992558
-0.0015843866171003737
0.004878810408921949
0.06006737918215617
0.020943122676579932
0.15117295539033457
-0.049556412639405106
-0.01934033457249071
0.049100092936802946
-0.01462165427509293
0.021998048327137545
-0.03300585501858737
-0.1216344795539033
-0.0007461895910780687
-0.009877230483271382
0.05896700743494429
-0.04497165427509292
0.07026700743494428
0.05080687732342006
0.02949061338289958
0.009422118959107802
0.06690706319702602
-0.10726078066914495
-0.08357518587360592
0.0004141263940520441
0.016832063197026067
-0.02177249070631966
0.030649256505576195
0.10770483271375458
0.06448652416356869
-0.019185130111524177
-0.02368392193308549
-0.0006842007434944247
-0.03589414498141266
-0.07847871747211897
0.05100789962825286
0.10647342007434948
-0.02708355018587359
0.25485027881040845
-0.047585966542750935
0.028499349442379196
-0.022870910780669138
0.05712016728624529
0.02571412639405202
-0.004786152416356874
0.014976301115241659
0.08487973977695155
-0.07510873605947949
-0.001969609665427515
0.14939144981412647
-0.2129165427509295
0.0975656133828997
0.031668773234200746
0.03856050185873604
0.004402230483271376
-0.01579925650557621
-0.022115334572490684
0.030961338289962843
0.07116663568773246
0.04447788104089216
0.04442128252788107
0.002282527881040895
0.06510102230483278
-0.07691486988847582
-0.05532834572490702
-0.08232583643122678
0.0063290892193308525
0.04105120817843867
-0.024709851301115224
-0.05406356877323417
0.08898550185873601
0.03743903345724908
0.033870539033457214
0.0695905204460966
0.026435594795539027
0.02790120817843864
-0.06769061338289961
0.03101459107806692
-0.07935288104089225
0.0691609665427509
-0.022742286245353124
-0.04332853159851301
0.0390416356877323
-0.048696747211895895
-0.014896561338289966
0.01702630111524162
-0.07934535315985149
-0.1876193308550183
0.03486895910780668
-0.030408085501858747
0.01388689591078066
-0.09141431226765798
0.15092416356877317
0.0725217472118959
0.23358968401487012
-0.12121310408921927
-0.011729646840148688
-0.056125092936802914
0.0025767657992564995
-0.08815855018587367
-0.15063726765799268
-0.04755697026022311
-0.014329460966542742
0.0336674721189591
-0.01937434944237918
-0.03152657992565059
0.012789498141263947
-0.017239869888475822
0.017200557620817833
0.06960241635687724
0.011962174721189591
0.31221403345724874
0.004203810408921932
0.03540371747211897
0.10742760223048327
-0.017254739776951678
0.011841542750929366
-0.016365613382899602
0.011672583643122689
0.008490148698884759
-0.040963847583643076
-0.05322100371747208
0.00779572490706319
-0.009966449814126414
0.08562881040892181
-0.05303197026022302
-0.3284893122676578
0.04399637546468404
0.0012370817843866165
0.04534256505576202
0.0009894981412639401
-0.07727081784386618
-0.018060037174721162
0.026187732342007417
-0.020225371747211937
0.058981226765799276
-0.05764154275092934
-0.001440985130111524
0.08925315985130106
0.005187267657992565
-0.019139684014869887
0.04000604089219328
-0.010511617100371748
-0.02311282527881038
0.0025506505576208217
0.11496858736059484
-0.07807249070631957
-0.03716765799256505
-0.013096561338289984
-0.039927788104089215
-0.070029089219331
-0.012736802973977706
0.002262918215613383
-0.010142936802973963
-0.04550111524163569
-0.003652509293680301
-0.009376022304832712
0.05815529739776949
0.019620724907063215
-0.10157490706319698
0.061046375464684006
-0.0209064126394052
