98.00
104.00
89.00
99.00
71.00
78.00
126.00
111.00
126.00
118.00
86.00
57.00
43.00
41.00
64.00
26.00
58.00
55.00
18.00
140.00
119.00
167.00
151.00
166.00
155.00
187.00
185.00
233.00
247.00
334.00
291.00
331.00
676.00
713.00
853.00
942.00
935.00
748.00
456.00
368.00
243.00
207.00
155.00
177.00
90.00
72.00
57.00
22.00
29.00
25.00
29.00
16.00
83.00
81.00
85.00
146.00
115.00
145.00
153.00
178.00
154.00
181.00
157.00
129.00
110.00
133.00
210.00
144.00
120.00
120.00
118.00
129.00
151.00
141.00
160.00
119.00
131.00
97.00
27.00
45.00
47.00
31.00
20.00
32.00
16.00
37.00
42.00
45.00
50.00
76.00
94.00
72.00
67.00
124.00
122.00
187.00
253.00
265.00
588.00
475.00
430.00
538.00
645.00
629.00
527.00
441.00
311.00
392.00
327.00
193.00
83.00
108.00
89.00
57.00
44.00
29.00
11.00
7.00
33.00
40.00
39.00
56.00
51.00
60.00
59.00
71.00
69.00
71.00
96.00
26.00
55.00
96.00
95.00
96.00
92.00
110.00
264.00
187.00
180.00
209.00
181.00
128.00
78.00
52.00
29.00
8.00
20.00
27.00
23.00
13.00
30.00
36.00
58.00
59.00
67.00
73.00
79.00
82.00
86.00
102.00
102.00
64.00
70.00
41.00
94.00
76.00
118.00
130.00
153.00
206.00
226.00
264.00
260.00
293.00
238.00
190.00
84.00
83.00
49.00
34.00
30.00
35.00
19.00
0.00
7.00
32.00
17.00
53.00
48.00
91.00
56.00
75.00
92.00
91.00
115.00
73.00
4.00
38.00
93.00
106.00
140.00
168.00
284.00
334.00
255.00
431.00
432.00
320.00
302.00
138.00
80.00
87.00
61.00
40.00
32.00
20.00
16.00
11.00
10.00
14.00
28.00
48.00
43.00
31.00
35.00
34.00
34.00
59.00
67.00
69.00
54.00