60.00
46.00
125.00
133.00
142.00
193.00
253.00
291.00
213.00
144.00
185.00
165.00
124.00
63.00
36.00
11.00
3.00
9.00
2.00
2.00
5.00
1.00
4.00
3.00
1.00
4.00
9.00
7.00
13.00
17.00
20.00
17.00
35.00
39.00
70.00
105.00
128.00
190.00
309.00
378.00
315.00
300.00
177.00
118.00
71.00
18.00
29.00
8.00
3.00
3.00
7.00
2.00
7.00
11.00
8.00
7.00
13.00
13.00
20.00
35.00
90.00
193.00
302.00
319.00
311.00
245.00
285.00
308.00
243.00
159.00
115.00
100.00
65.00
63.00
57.00
53.00
40.00
28.00
23.00
11.00
10.00
3.00
3.00
5.00
0.00
4.00
4.00
4.00
2.00
4.00
2.00
5.00
1.00
8.00
7.00
5.00
6.00
11.00
8.00
19.00
22.00
38.00
68.00
88.00
134.00
169.00
178.00
180.00
147.00
102.00
75.00
27.00
2.00
2.00
2.00
5.00
3.00
1.00
0.00
1.00
3.00
4.00
2.00
7.00
60.00
64.00
135.00
226.00
291.00
427.00
404.00
374.00
218.00
164.00
150.00
71.00
81.00
58.00
24.00
21.00
15.00
6.00
15.00
15.00
1.00
2.00
6.00
6.00
1.00
4.00
1.00
3.00
2.00
3.00
3.00
3.00
1.00
8.00
12.00
15.00
52.00
59.00
120.00
156.00
332.00
460.00
417.00
353.00
274.00
162.00
123.00
76.00
74.00
36.00
28.00
16.00
6.00
10.00
9.00
10.00
4.00
8.00
21.00
16.00
16.00
10.00
11.00
12.00
9.00
16.00
7.00
5.00
14.00
26.00
23.00
35.00
