156.00
126.00
121.00
112.00
148.00
151.00
96.00
85.00
102.00
74.00
58.00
48.00
59.00
42.00
46.00
29.00
21.00
13.00
9.00
2.00
5.00
2.00
1.00
3.00
2.00
2.00
3.00
1.00
3.00
2.00
1.00
2.00
7.00
1.00
1.00
4.00
12.00
11.00
15.00
8.00
18.00
10.00
7.00
3.00
14.00
15.00
10.00
21.00
18.00
28.00
17.00
19.00
33.00
32.00
33.00
45.00
54.00
84.00
123.00
130.00
139.00
126.00
110.00
57.00
67.00
39.00
20.00
11.00
8.00
7.00
0.00
3.00
3.00
7.00
3.00
1.00
7.00
1.00
1.00
3.00
2.00
2.00
0.00
0.00
1.00
2.00
3.00
2.00
6.00
2.00
7.00
5.00
17.00
11.00
15.00
12.00
13.00
15.00
18.00
20.00
22.00
39.00
28.00
20.00
41.00
80.00
79.00
83.00
99.00
98.00
188.00
161.00
134.00
77.00
83.00
57.00
46.00
31.00
37.00
32.00
19.00
10.00
8.00
7.00
9.00
4.00
3.00
7.00
3.00
5.00
0.00
1.00
3.00
1.00
2.00
1.00
2.00
2.00
1.00
5.00
10.00
8.00
10.00
11.00
11.00
10.00
12.00
8.00
10.00
12.00
19.00
18.00
23.00
29.00
36.00
19.00
30.00
122.00
132.00
200.00
230.00
221.00
200.00
198.00
167.00
115.00
80.00
46.00
50.00
27.00
25.00
24.00
24.00
11.00
11.00
12.00
6.00
6.00
1.00
0.00
0.00
4.00
1.00
1.00
2.00
2.00
2.00
1.00
1.00
1.00
5.00
1.00
3.00
6.00
5.00
17.00
12.00
14.00
10.00
13.00
12.00
24.00
23.00
32.00
39.00
65.00
112.00
148.00
129.00