389.00
407.00
369.00
481.00
551.00
518.00
445.00
343.00
262.00
181.00
160.00
91.00
67.00
43.00
41.00
12.00
11.00
19.00
7.00
4.00
8.00
4.00
2.00
5.00
7.00
9.00
3.00
5.00
1.00
1.00
5.00
4.00
5.00
7.00
13.00
13.00
17.00
11.00
24.00
19.00
29.00
29.00
44.00
27.00
46.00
37.00
50.00
33.00
55.00
57.00
46.00
30.00
59.00
79.00
102.00
99.00
144.00
174.00
256.00
334.00
386.00
291.00
246.00
179.00
160.00
65.00
42.00
19.00
19.00
17.00
6.00
6.00
8.00
3.00
7.00
4.00
3.00
2.00
7.00
3.00
8.00
3.00
4.00
5.00
3.00
4.00
15.00
8.00
21.00
14.00
20.00
14.00
26.00
24.00
26.00
31.00
33.00
28.00
28.00
40.00
47.00
55.00
83.00
56.00
99.00
255.00
365.00
530.00
756.00
867.00
608.00
519.00
386.00
369.00
186.00
140.00
71.00
37.00
36.00
17.00
9.00
7.00
12.00
9.00
7.00
8.00
6.00
5.00
3.00
4.00
4.00
3.00
2.00
3.00
2.00
4.00
1.00
2.00
3.00
11.00
2.00
4.00
10.00
10.00
11.00
25.00
17.00
13.00
30.00
21.00
38.00
21.00
26.00
24.00
35.00
12.00
16.00
72.00
90.00
119.00
144.00
201.00
235.00
225.00
206.00
136.00
106.00
100.00
56.00
46.00
21.00
18.00
3.00
9.00
9.00
4.00
8.00
1.00
4.00
1.00
3.00
1.00
3.00
3.00
4.00
2.00
0.00
1.00
2.00
2.00
5.00
2.00
5.00
11.00
10.00
7.00
12.00
10.00
18.00
15.00
20.00
30.00
19.00
33.00
31.00
45.00
63.00
37.00
25.00
133.00
230.00
398.00
569.00
698.00
607.00
569.00
451.00
376.00
200.00
140.00
111.00
35.00
40.00
34.00
25.00
14.00
8.00
2.00
3.00
0.00
1.00
2.00
1.00
2.00
1.00
5.00
2.00
2.00
0.00
1.00
1.00
1.00
1.00
3.00
2.00
9.00
17.00
11.00
12.00
31.00
26.00
36.00
19.00
16.00
10.00
21.00
22.00
27.00
42.00
25.00
37.00
101.00
119.00
185.00
283.00
349.00
414.00
414.00
376.00
333.00
320.00
285.00
186.00
96.00
86.00
56.00
38.00
21.00
9.00
10.00
2.00
2.00
8.00
1.00
8.00
3.00
1.00
5.00
4.00
11.00
1.00
4.00
1.00
4.00
1.00
5.00
5.00
7.00
8.00
8.00
19.00
28.00
19.00
40.00
23.00
34.00
38.00
29.00
68.00
89.00
122.00
217.00
250.00